example for changing one die
11111
11112
11113
11114
11115
11116

choose 0	choose 1    choose 2    choose 3    choose 4      choose 5
11121		  *1*1121     *11*121     *111*21     *1111*2       *11111*
11122		  1  1122     11  122     111  22     1111  3
11123		  1  1123     11  123     111  23     1111  4
11124		  1  1124     11  124     111  24     1111  5
... 		  ...         ...         ...         1111  6
11130		  1  6666     11  666     111  66
11131
11132		  1*1*111     *1*1*1*11 <- hard to read, first and third digits are being chosen	
11133		  1 1 112     1 1 1 12
11134		  ...         ...
11135		  1 1 666     1 1 1 66
11136		  2 1 111     1 2 1 11
11141		  2 1 112     1 2 1 12
...		      ...         ...
55558
55559
66666		  6 1 666     1 6 1 66
